$ANSIBLE_VAULT;1.1;AES256
63333061373862363136323439376638346235366465666361663030633263373534613534616531
3365303364363235623634393131356239353632336538320a643439336462626232353465613935
37363033303961663762623536613037363266613939643863326332303337323230393936373264
3032336130663935300a343261643230386138383766303032366433383438353762303963626233
62396132376535623434356434303836633166663431366135356236656636663263393164306266
37306163643666643731306232623738313230343831663962326463386463623139663030386263
66646562653665663762636565613961386162333236643834666538346562643636343639313439
61663532653861376266666430616561306430616236326332353734636433323363613732336333
63636332333334316636393165353765343664313333333338633736376235646432333461396133
64626131306566323464323937303436653535366332356266373837376538613265366539343562
62343236623432316139646634373332386533616134393237353433666435633263346566356631
32333034303639326536643135656235326536323964373865356534616239386463366232313739
38663562343963643539386365623236373530653936346431656133633664326365356130363963
38613063623833666461653835333436303731326637653238376466353836346533643139613230
63333863333631663464356162376336353865393531356638373864353830653066396130353433
31333138623463373064653334376665393932636331373762336532313335366266353932646638
64333131363938656233393333353337326531623633656261363238633534633934306265393539
39363562356534626238393161623561333666306333386339643664383832346234373861643132
39636130386262616536666338323432343836386262393266376461633764323663346662356233
31383736616136323962656637333564666465393436313162653662616131373439663864366436
37363034393332306232333834656163666365616539663263366435336237633762393333333432
33323938356437653939383761636632363537656663373535306632353733623761323230643939
32663932333466636365626265396266653836653039653164326138383531386232663565313733
33376334643839623561656538386663303937363834353837313161363163616262646234303439
30333437323763653039303731666539316264333366653539343139663065653137393739353963
3663613839393037633064646165343062323566383262653933
