$ANSIBLE_VAULT;1.1;AES256
38383531396239323366336161633934303066633737393363336639376630643034316234326636
3438356466383139366666633331336363353764383464380a386638306137633739326638656639
64313339623530626432386436616165303463366663636433336366326138393965366264386134
3561666162353765640a633436383537653664613335313362306330633535333363643030393337
37653439353538343333306437383562646631363538396163616462643537393337616661626566
39323863623030653664613236313066663263313961616261666364343136373236663036366337
31306135613365363862663337336532666230383336356534666164313335313236623438323935
38326635336431646531653738633337383933333634663166373532346634666139646262373264
63383234326539326530313162366634393764383834323963313234643731623236376330393437
30316138353733313834353432303863616562646237393263616162616665303332303662613339
35336631636561396266323731363435633030623632613232353061333664326566623663643737
39623166656130303539373962613532636664303865353538613865663639356564666163386263
30353933333466343065643966646638383565383062386635363964656530343732373434666139
36353236326339393234636363313763386263393763336363623531613162393237396536653130
33623766343435313464333864353530363464656266656238666330666638363561346466643637
62326636623332336461333336396536316531373265326532653263396564386538656163373730
35303032343565346232613733303532346531303334636638326430643534643136386533636138
31386136396530633333373834663965643464656136633464653164643036333332653164396534
64626664303337613535396666613538303238666433326661353934363438396632396638396433
30336437633065636134313763306462323139363936343736616330653338363462336335316236
36326463343761616534353134343838383531623730643138343963316461666431396336636564
31363833623366653062633033343533656363323037396265323230303061353463333962333631
64303764653438646461663961636630336263663634623663663935326639636131303163663062
37303432393564623934666439636138353136366365633434396664613235313037386164376134
62656164353961373438646266613334376562316434366531643561333232346231323838656463
38356565616561323236313231653261653038623337643036663035623638366162383133313265
61656534623461393339653332386130353561646166326463393733326365343934623865653362
32363030326631376535383238363634343165386133386231656639353234633433383935303063
63306362396636373030656230323664353338663830326636393761626631333731346238356331
61643930653438386466613937613263633733623839373637653531653834383933626638323662
61666237633339373437373866646238386134376230373136373537353663306635666532643961
33616438343332623466333835356465353865363064343332333562616635313033373465643663
37633835616537303531663637373132663539313633343234616265323863376662313835376132
36333764313762643633396638613864303039376439636630386132313066663566643938323238
65633831633236376562643635656234343632623232616439393939623864326662303761663833
33353032616535616339313165346435323566633331326430353238303366613238316536663836
63383565313738323936626431626235626332373764386431383439623335396536363537313963
36653835316666356565323865356332393136333236323435376164653461376665323764653662
37643039636432363863303339323366666231616437613562373833336433363536393431363930
61386634653366316139346261373164393231616634303266373332663364363336336431313737
34343366613262633737626432316665376334623264346133626436323631336430616438623865
61656464386433343663333663613861393130333764313530313566383235373665613838643230
33616465663165613930363964393261633636653866613633613739383537366133623065656663
33326464373362663961626531356566323862653539333635623631393863323838383163663035
35646562613765626561326331396135633333353431313030633735393737313665306535643639
62346135396366393164323537383966376436333330306139313537376564383032316533663233
34636436643563316534396334313432646438633339333231666537656266316238633865366434
35323937663532353739333366393934313539376161353437323064393633616534636234653231
61333762366238613961373764613230623438626463363135323730663433613963656435393530
38303961383137306236313238336235306332633832303761333534333663333238376164353163
38366538316165306539623636333166306630376630636464326337396232666266326234363364
61613439646139353339323763643861313761346231306535346163363932323736656533653233
30653439383365383961613565633839396334623862636663626337316464373964656133626232
30306161643234643236373534386538356331376263316561343235653563376465646532636237
37303561663863323663613266396564386462626331353838376162323136356634633536383139
62386131393564333435303039313035633834316431343338326339353232643933353336376162
66616533323238383961613465336236346139326562316466386331366161646430336532303130
35363430653236326163306330383530343137353365383936333933346239636465326431363863
38663366313732323836383766396230646631343432316237666535353261363634633662316462
31363537333665363263316166376465666335356533333338313634663263326536323961343834
61643761373038343335643264333265613635303564353834613838633630393636343139376365
62653932396432383535623138363666366234346435363562343061653136333037633639626363
32356635613065633733616338313232396135656632393161326536373339316665613166353435
33643931333261646330363139613037353733363534376539353363316334333936663063646534
31373762333933333761636536646434646439333939303762376262396463303864383832336435
39353139643462316464356231656265653363643863353639656630336437333561313331643536
36383539643261316463633564636361653061623162346532313830306531386330333034373831
30623531336433303232666637316437663565303262616461356262343565343632303733643733
30336436303731663263343936636166323434373535353637323734656666633133316330393430
30613962393131363432353831393637386331346133656335373466313036356539616563666436
34336434643738653036383030633837343831653930356134393962306561323236633539333031
31626431343462333730353064396531636461623263326134666234303162366164643936636464
38393837623538363733643837363436333339396339383332653139393139646163363162623863
35633831336439636538386464393562333139383936656138356264643661366237396339613762
37316133643739663337666665636237376633313436613635396236626538363762346565393238
36636666396131373731313131356162313038636464336638323362633134386139653436313965
65346265306563383935663366313339386266643866376433346632323434343866306435633865
37653839343535393839313832643834386665393430656464336135653036623630353937316433
37623136333361356665323163373937363732653961396234333632653264393466313635306664
38663265643266306663323866633637393631336138346265333430313466633631386235353862
39663963303966393637623564336261326534613264656362616463306533366336303235646361
65353663376232643734303231363565316137613532386135373164613166396231386336313030
31646262643366623061376437613739323265666462393432353961363961373766373763386330
62396136333065393038316634333439363466373939393431353534356365646564323363316164
36633236346562356336613763613938666634303636626431383531666232633531323866633439
35653231353863626465393731393635326562336162643232323861303737313732333730353765
31353732343539326138313863343830353966303263666136663361373634653364653635623630
63363264666566376137343231326161306665613536393062663032316164366233306162323663
38643966643563653737306138663033636634303434646335306137303961386663306133386163
31316632656362316366353064383036373533653265336661353561373732333762353665383332
31373336646562643262393464633339386562653233633264323631313439316236646439303532
65613032303134643964633230626335343337646631396265653539336236316264343331303030
3731
