$ANSIBLE_VAULT;1.1;AES256
31323334303938383638623932303565313864643561656536653364616439333531663065363865
6337356438623434363632643936316135323064636361610a623265653262396436306233303434
37366665386361386562393736636532373733363633613732643566316664623337623130333130
6363613335326661650a313132363934663962306130653566336262346131333338393466353738
35623537343861393134353439616533303863613064666333633733353266366534343563363538
39326262353939323466333638633463343064643865383636623165366162323037613736623161
39363063313335313238303431636333643834326461643335303561663733636133303863346230
32343261643436373065623966353532333731643465633338346237366363383031623836666533
33343261343036373931623763396430656130386234383035366466633930626533303230623765
39636632313465343630613239323639393630366566333965346264393036666364323738373666
61663134323030346137353136626330333065346539663833333534393966666536353466633030
66623963613565363933353338643664376137626462363263393834616136656462323838363663
62636361336536316266386139613739393130306634333666356237313761653763336138326330
30356566383734353436613735666137393139666466303832333063653832363632393833646532
34373332613562666136363733323063333564363034316534353332633236616535313364313535
62386363343063613335666466323330353664313538323361653436396139306661326638306161
38393833396239616365313636646466663639343635656532306665363065356265346332326563
32643464383130626638666565326261396438346638316262343362646461393735356138373036
66323636653638656566643266353631616334373232613063656438663565623031393438323232
38333836666234633835316137643365643934386366663733336535646636386531386531313037
66393664663730316465613637373039663739333234373636336262326635393739303435616339
63386166383939613134393634613666326633313561393134383336653233633137653836616231
35643130323531303033643030323435663766376637393763653038326539653730636366323734
33336263376534313364346138616132393939313365623265663066616230353535383531306262
38646232613033643366353462346162333438373933623431623630373763353830393736346564
34616638326563333936623732323135623534313136643733393632313662313831373230656263
35306530633533343839636261356330343864653631653061356166366533626436643033326235
65303166393038646165616634313838383063646262343061376535653832326334373562336536
64313736313866663134363966326261353861306564376439386364663936376562663634303333
65363531396266383166653765306637343730373332646462306337323539333832343639346433
30616665666233623030613330373661383061346637313633633763383966653730623061643835
66623730343334646466623039656232623330313830363835383838316239383332396363363764
66626232303737643138633461656134373532646433303162663935663239383238326331643431
36333962343531393338353162303932373933313030303538656631326237323535333964356361
37646566313435343130326437666133626164643364333364656462376265633031366538623532
38643632376666396461313235663464383538636464386334306332393963656364323162366537
33626138633066316239363265373263626231313838356362326662666138633636383363353563
37386462366563643837313438306465343738316536623338613166366262336563343236376233
66373332383634316434383035636531653130323239316462343436366433313762616338373634
32373836643765383162316661636137663233656237343866343732396236636230616536623032
63636137613765653438356533313063643561366632666537363034386537383835623630643862
65376339643432373033303634653833343134396166393836366264376232643965353261373364
61326430333363356335366534356662643631613530383736353833353461643830303030376464
63626566306636383739306266646534653165363131336536326333613863613234633037396339
61376339633131363831343132326537313939303337643833303035313566646436383663353661
38336637616235633734643437663966323439366366636363626364343736353336386464353130
38643931346633643361636532326464376365613831353264613739653730303631653666363233
30396435616163386633333265353964386230386339613133363234376662353061353631666365
63393937326537376436613935333732623537313634383630313430366133383830323661626164
62646639393030623935646234383539343863613738613133393962386236393464356533393538
31393433303733376134393161663262363534316165336533393664313235303265643433393835
36643634323466343834376434656162333339626462326464366362663633333831376166343766
34396661356534663435646462353738643730336630613961373264333838356232343436383766
30613232323038663638336532643032653462666663313462643830396466303934613130326330
31386439646464646233336264653764383838626535623064366363323337656236363063343537
63363261366562326561633762353133303131366264633039363332356230343238613137613963
33313566333632666639666161653064633130646331656361383133333035633864356232626337
35663364633030643166646336646264316265373230663334336361343262353663383333306233
62633836366166626433646333373162333138396230373130666537623236323363346465666535
62313436333863306330373532346633313461616538333235313138613334623136346131346431
38323632333032373630323731383461356136326538653230656533623464333966333365306461
31343236366361363065343161353661363865666566393431653735303365646436653565393232
39383764383630616139393262383132316233663062313763366637653839383961636662646430
64616561623339366638616437343936663137363162386239653437616133303534653763643261
39313732313834656363373032623231646337303438333238386332306136313232656532303966
33353132366239363339323266303331616439373366353035613837666330303661636165323161
63316232343265666139666639313764393932366433633163313833616561333336633731393864
33666464653931303236623636656536333333643937303732353164343338353639616137393861
62373332363033323238303964633961666462646430373966343134623339343731346563313064
36306435343564366464616430626561653366353264623738393833636161646131613263333465
35363439356662663037343731313330663363383037393365346539626338636434376166343166
65636533653562383466626664666135333038643035303732663036393531643835623162313861
66346164373961393338623232646634373261643263653135393436373433393831323035613430
66343161386635303339626439376633326533363132626461643338373138363637616363386533
62616665633637326636643239663161656439623461646136303034386337666664323061303936
37356438313535353861333735646530633734666238383964656535346361636433346439376564
63396335343239616238363734343436343937333937326662356436626436623563636235636134
31353439613834343031313466663766336465653331623038633733636366313039663333386332
32383765616261643435643965363034376464356335653033313234383966656631346562613536
63363536303363353731343539323631366435666439623933326331626437663364633231623535
36626161633834353237323962646661633637373166333232323762353761336238396432616235
62316136356338666366356265633463313366613162616639653633353832663965323664636461
35633337326232646636633534366635656438316633306233643261336534366365633662616238
63393237633734663733616634353538656637373433376238373231393334656130653232393265
32343930663764306431613439383437346438323366643238306239613161343766663838626539
31373966663133313937313262353039643538643064353733323665663461633966336431633637
62346235636135363633346537376263343931353162636166643038326166313237396532666434
63333236323266643863646561643066656134613966656134653934363366346436656635306633
65303436616665346531663235303566393637363638636337383432626165613530336562633831
37383766303563663136326239613739343533373766333530336636336261323837623262346463
61376639656166366230303561633162343539616234633461346235646534393164653130303632
39383530373333396166393964386166633339383436303936633338656630303232396665613331
38316166353231636139636134633865306434633931623530353965623530396532613936363436
39376361303961353337633636653135613865343564396333616165633632643730623035656431
30386365323163623564393564373965646565613433626433306234653636653265653231376232
32393437643634626363623039386231623034336431666333373563323431656161303562656237
32383763393763393837383330626330666535656337363835373932613832363862303364356361
31666638376434386136663363636464656463306565616137306130363361346330353436336435
32333236663861363266653238366265366134653733353165666463653332383238653932663636
37353232393437656666633332653738343963633266613931653666383930656534303635323437
39353061333765343662363637636434653031343463306333656631346563353037353239326331
66316561336237643730373130636436663435383431333439356436613865383864383234333661
36376638663234366536343433313038643962333266626338633635663636613638613366316663
33363166643135366265346566636365333065363034663566393062633866353365656162643865
65373836373632333133616231666237663737316566623133346639666461626166633661633332
31373963313964643839633532323236653134313239306562623930343061636131343365623530
35356633663766636263663664633733393931363432373233333961313732343232653636376534
33396535353432613932623535303564386233623466383462663736353337356230333830346631
34343065656365383662356535386330306131353665313030623439336264386432623830366162
38303166623264356565396439343238316364666238653937633030623265306335366535653466
39613635663666623962373836366639353161306664626636646363303837356632666365616533
63666330303036663433626132393637333036613438393239353138343630373538616164343663
36643838633938346563303562306563623764373230323035353139663733373434336235666365
62333838623730303637646266653865316434366436353933646234316363616535313839303961
61383661323361333631636534396564363633623266363039376437333966353033363462393963
35623337633562303331616135306131313563613833303963656534346135613339373233333438
32353765623439383939613361323136633961616136616138386234633463383137373037383334
66623164393665353230336535643962636136623139363035396263323965636165376564333166
65383732653839356538303330383638353737306233653732623931653730656132336236376263
62613739373030646164366339646336326565333535333464346539313963376133303464333766
37363338383832373939613034323664333033613662333234323663306634383762616435396566
62363662613632383963633833303962363061663132373161653134303436656164326432373463
37353634396539363839386338393939616637313930353463636238656263343537363139623436
37636662343639356136633039393731626563633562646530316562356463643762306431333631
35636632383430663837336535633338663938343065323563396130343133336232643634363235
32626630656333656639333832623432633530323739663436313530656664373863313631393139
65316335306530363866313737303965623163323035343034643931356164636536316364383530
65393366653266383166653261643232373136666234656332653764333063663939383737346266
62626263666432333934656234346435316637373339646437623138393963613730386162396235
33666334383161336236366434646366656332636132636335363035653838653638613732323266
34666631353366633031353039363436323132646337393030376336613234633837316436656433
36393531303237366464306434306663316438393932633833626562643432386334346239663061
38633237343136376638393765306139643131373664613138626135663862666163
